1786874638	shadowfit-backend	46.75%	560.7MiB / 30.82GiB
1786874638	shadowfit-mysql	6.07%	539.9MiB / 30.82GiB
1786874638	shadowfit-ai	0.24%	194.3MiB / 19.53GiB
1786874645	shadowfit-backend	248.08%	626.6MiB / 30.82GiB
1786874645	shadowfit-mysql	6.09%	581.4MiB / 30.82GiB
1786874645	shadowfit-ai	161.10%	2.608GiB / 19.53GiB
1786874653	shadowfit-backend	13.50%	618.5MiB / 30.82GiB
1786874653	shadowfit-mysql	6.37%	583.9MiB / 30.82GiB
1786874653	shadowfit-ai	138.31%	2.712GiB / 19.53GiB
1786874660	shadowfit-backend	9.04%	620.9MiB / 30.82GiB
1786874660	shadowfit-mysql	6.16%	584.1MiB / 30.82GiB
1786874660	shadowfit-ai	136.03%	2.725GiB / 19.53GiB
1786874668	shadowfit-backend	10.53%	621.8MiB / 30.82GiB
1786874668	shadowfit-mysql	6.79%	585.5MiB / 30.82GiB
1786874668	shadowfit-ai	130.41%	2.59GiB / 19.53GiB
1786874676	shadowfit-backend	17.50%	623.4MiB / 30.82GiB
1786874676	shadowfit-mysql	6.56%	585.6MiB / 30.82GiB
1786874676	shadowfit-ai	129.88%	2.62GiB / 19.53GiB
1786874684	shadowfit-backend	12.62%	623.9MiB / 30.82GiB
1786874684	shadowfit-mysql	8.67%	587.7MiB / 30.82GiB
1786874684	shadowfit-ai	143.46%	2.63GiB / 19.53GiB
1786874691	shadowfit-backend	8.16%	624.2MiB / 30.82GiB
1786874691	shadowfit-mysql	6.74%	589.3MiB / 30.82GiB
1786874691	shadowfit-ai	131.00%	2.613GiB / 19.53GiB
1786874699	shadowfit-backend	6.18%	624.3MiB / 30.82GiB
1786874699	shadowfit-mysql	6.37%	591.1MiB / 30.82GiB
1786874699	shadowfit-ai	132.68%	2.629GiB / 19.53GiB
1786874707	shadowfit-backend	8.92%	623.2MiB / 30.82GiB
1786874707	shadowfit-mysql	6.57%	593.5MiB / 30.82GiB
1786874707	shadowfit-ai	138.23%	2.54GiB / 19.53GiB
1786874715	shadowfit-backend	7.91%	623.2MiB / 30.82GiB
1786874715	shadowfit-mysql	6.23%	596.6MiB / 30.82GiB
1786874715	shadowfit-ai	141.23%	2.629GiB / 19.53GiB
1786874723	shadowfit-backend	12.51%	623.7MiB / 30.82GiB
1786874723	shadowfit-mysql	6.27%	597.9MiB / 30.82GiB
1786874723	shadowfit-ai	145.11%	2.641GiB / 19.53GiB
1786874730	shadowfit-backend	12.96%	624MiB / 30.82GiB
1786874730	shadowfit-mysql	6.45%	600.3MiB / 30.82GiB
1786874730	shadowfit-ai	137.83%	2.592GiB / 19.53GiB
1786874738	shadowfit-backend	2.12%	639.1MiB / 30.82GiB
1786874738	shadowfit-mysql	3.19%	603MiB / 30.82GiB
1786874738	shadowfit-ai	0.30%	1.766GiB / 19.53GiB
